000     |
001     |
002   0 |    Type
003     |    6 bits
004     |
005  __ | __
006     |    Repeat Indicator
007     | __ 2 bits
008   1 |
009     |    MMSI
010     |    30 bits
011  __ |
012     |
013     |
014   2 |
015     |
016     |
017  __ |
018     |
019     |
020   3 |
021     |
022     |
023  __ |
024     |
025     |
026   4 |
027     |
028     |
029  __ |
030     |
031     |
032   5 |
033     |
034     |
035  __ |
036     |
037     | __
038   6 |
039     |    Navigation Status
040     |    4 bits
041  __ | __
042     | _  (+ Sign)
043     |    Rate of Turn
044   7 |    8 bits
045     |
046     |
047  __ |
048     |
049     | __
050   8 |
051     |    Speed over Ground
052     |    10 bits
053  __ |
054     |
055     |
056   9 |
057     |
058     |
059  __ | __
060     | __ Position Accuracy 1 bit
061     |
062  10 |    Longitude
063     |    28 bits
064     |
065  __ |
066     |
067     |
068  11 |
069     |
070     |
071  __ |
072     |
073     |
074  12 |
075     |
076     |
077 __  |
078     |
079     |
080  13 |
081     |
082     |
083  __ |
084     |
085     |
086  14 |
087     |
088     | __
089  __ |
090     |
091     |    Latitude
092  15 |    27 bits
093     |
094     |
095  __ |
096     |
097     |
098  16 |
099     |
100     |
101  __ |
102     |
103     |
104  17 |
105     |
106     |
107  __ |
108     |
109     |
110  18 |
111     |
112     |
113  __ |
114     |
115     | __
116  19 |
117     |
118     |   Course over Ground
119  __ |   12 bits
120     |
121     |
122  20 |
123     |
124     |
125  __ |
126     |
127     | __
128  21 |
129     |
130     |   True Heading
131  __ |   9 bits
132     |
133     |
134  22 |
135     |
136     | __
137  __ |
138     |
139     |   Timestamp
140  23 |   6 bits
141     |
142     | __
143  __ |   Maneuver Indicator
144     | __2 bits
145     |
146  24 |
147     |
148     |
149  __ |